0 0.7042838335037231 0.17231641709804535 0.009964552707970142 0.010227574966847897
3 0.36375924944877625 0.4916970431804657 0.018540658056735992 0.027275139465928078
3 0.7785755395889282 0.5818997621536255 0.009724047034978867 0.02259330078959465
3 0.6312736868858337 0.5801547169685364 0.012692444957792759 0.02134646661579609
0 0.3179391026496887 0.17113374173641205 0.008643771521747112 0.012671010568737984
7 0.5856314897537231 0.610694169998169 0.04042857140302658 0.01839369162917137
3 0.6311852335929871 0.5604289174079895 0.012132631614804268 0.01957343891263008
7 0.49361056089401245 0.609783411026001 0.037605080753564835 0.020772067829966545
2 0.6759853363037109 0.20062506198883057 0.05538633093237877 0.00799834169447422
7 0.9217737317085266 0.37668222188949585 0.08956417441368103 0.007647987920790911
7 0.5270158648490906 0.529406726360321 0.22683370113372803 0.015210294164717197
7 0.8720422387123108 0.46698397397994995 0.009045389480888844 0.4130486845970154
