0 0.5416494011878967 0.172479048371315 0.009581956081092358 0.009961397387087345
0 0.317019522190094 0.17303960025310516 0.009752926416695118 0.012306521646678448
3 0.6307400465011597 0.5578922629356384 0.011550032533705235 0.01734492927789688
3 0.7806563377380371 0.5294296741485596 0.020196544006466866 0.042388662695884705
3 0.7626424431800842 0.34641146659851074 0.024948272854089737 0.04604152962565422
2 0.36479756236076355 0.17314846813678741 0.0865999236702919 0.009528661146759987
3 0.3650243580341339 0.493446946144104 0.012934998609125614 0.025926023721694946
0 0.03267648443579674 0.5470609664916992 0.0099507886916399 0.012335843406617641
3 0.21509884297847748 0.558495044708252 0.01039771270006895 0.020820889621973038
2 0.2502986490726471 0.1729029268026352 0.14045290648937225 0.008299168199300766
3 0.6658391952514648 0.5594565868377686 0.01401611976325512 0.024363139644265175
7 0.871934711933136 0.4778399169445038 0.0086212158203125 0.40258145332336426
