0 0.5419691801071167 0.1726415604352951 0.010188877582550049 0.010517165996134281
0 0.6063109636306763 0.1728505790233612 0.008857880719006062 0.011272348463535309
3 0.31415337324142456 0.5216700434684753 0.018112463876605034 0.029769062995910645
2 0.6541591882705688 0.1740160435438156 0.08862397074699402 0.007039067801088095
2 0.22744183242321014 0.17441481351852417 0.08793263882398605 0.006862522568553686
2 0.508893609046936 0.2007724940776825 0.06125876307487488 0.008748886175453663
2 0.5747382044792175 0.2008274793624878 0.060302529484033585 0.00814322754740715
7 0.3185628056526184 0.31832611560821533 0.37048691511154175 0.012305289506912231
3 0.29202237725257874 0.5282264947891235 0.010775572620332241 0.015524603426456451
0 0.4784310460090637 0.17295348644256592 0.008764843456447124 0.01101137325167656
7 0.6168315410614014 0.3182069659233093 0.3299832344055176 0.011572613380849361
0 0.36635634303092957 0.17318783700466156 0.007284842897206545 0.007581498008221388
3 0.3640422821044922 0.49301445484161377 0.013775050640106201 0.0269817803055048
2 0.421010822057724 0.17263081669807434 0.1049145981669426 0.009710678830742836
2 0.44345277547836304 0.7386725544929504 0.19601155817508698 0.013922322541475296
7 0.9216834902763367 0.37669283151626587 0.08963319659233093 0.007329401560127735
