0 0.704897403717041 0.17275145649909973 0.009858304634690285 0.011606629006564617
3 0.3340037167072296 0.531547486782074 0.014652252197265625 0.016645308583974838
3 0.362620085477829 0.49320292472839355 0.017541207373142242 0.028380876407027245
0 0.6471272110939026 0.17180563509464264 0.00977079663425684 0.01071375422179699
3 0.6556531190872192 0.4008858799934387 0.010538497939705849 0.02600228227674961
2 0.49156567454338074 0.47633540630340576 0.0067093102261424065 0.04854266718029976
3 0.38327381014823914 0.527523398399353 0.007206244859844446 0.011124925687909126
2 0.30152520537376404 0.17144164443016052 0.14319917559623718 0.010703950189054012
7 0.9222884178161621 0.376178115606308 0.08970754593610764 0.008211548440158367
2 0.2389625459909439 0.171338751912117 0.15914613008499146 0.009973050095140934
