0 0.5422106981277466 0.17198459804058075 0.009675608016550541 0.011560199782252312
7 0.5403626561164856 0.6100576519966125 0.03918636217713356 0.017281973734498024
3 0.23436686396598816 0.5356155633926392 0.018738074228167534 0.02737887017428875
7 0.2022426724433899 0.612163782119751 0.039124008268117905 0.015654612332582474
7 0.20571163296699524 0.41543471813201904 0.043009381741285324 0.014976664446294308
7 0.921966552734375 0.3763910233974457 0.09052814543247223 0.008292082697153091
7 0.3635142147541046 0.4124177098274231 0.09009677171707153 0.008752383291721344
7 0.5898590087890625 0.6108593940734863 0.029494574293494225 0.015115117654204369
2 0.3645411729812622 0.17029769718647003 0.08810964971780777 0.010884137824177742
7 0.7397403717041016 0.6463348865509033 0.07390553504228592 0.019259925931692123
7 0.4130418598651886 0.6100077033042908 0.03512381389737129 0.01731296256184578
