2 0.42061254382133484 0.12789654731750488 0.09607788920402527 0.009840169921517372
2 0.3199104964733124 0.12834951281547546 0.08298351615667343 0.009573929943144321
3 0.6325380206108093 0.5318273901939392 0.013743970543146133 0.02429833449423313
3 0.6791573166847229 0.3994954526424408 0.009608070366084576 0.019716784358024597
2 0.6879752278327942 0.1283944845199585 0.16168498992919922 0.009534505195915699
2 0.23212935030460358 0.12804216146469116 0.08188208937644958 0.009121312759816647
3 0.23292341828346252 0.48992305994033813 0.01590319164097309 0.02366148866713047
2 0.1913287490606308 0.1285027414560318 0.1728356033563614 0.010087165050208569
7 0.42907458543777466 0.3838873505592346 0.04213865473866463 0.0104618389159441
7 0.6887070536613464 0.6161741018295288 0.04727387800812721 0.010058695450425148
3 0.578712522983551 0.4578036367893219 0.011730475351214409 0.026167264208197594
2 0.9219546914100647 0.6679459810256958 0.10723108798265457 0.006483861710876226
