3 0.3077402412891388 0.3247528672218323 0.02008819580078125 0.017857857048511505
8 0.8246123790740967 0.7265661358833313 0.021616583690047264 0.03303980827331543
3 0.6847087740898132 0.46525654196739197 0.03380937874317169 0.046575624495744705
3 0.4010615646839142 0.30040156841278076 0.019637523218989372 0.029427479952573776
7 0.4078080356121063 0.5646003484725952 0.17038168013095856 0.01377368438988924
3 0.7820102572441101 0.25165656208992004 0.015517215244472027 0.03690207749605179
7 0.6432000398635864 0.6675254702568054 0.2040083259344101 0.022713342681527138
3 0.6657029986381531 0.34820711612701416 0.013163009658455849 0.029535869136452675
3 0.5329654216766357 0.5464996695518494 0.012788196094334126 0.024778425693511963
2 0.5794894099235535 0.386018842458725 0.061228860169649124 0.005631109233945608
3 0.5361704230308533 0.4390646517276764 0.014730671420693398 0.011612300761044025
7 0.22840948402881622 0.6488099694252014 0.22763878107070923 0.04431347921490669
7 0.5802509188652039 0.5633829236030579 0.07890862226486206 0.012849929742515087
