3 0.6682227849960327 0.5142006278038025 0.015363962389528751 0.02539961412549019
7 0.6854211091995239 0.23898275196552277 0.1970914751291275 0.010893271304666996
0 0.5512268543243408 0.23946361243724823 0.014810958877205849 0.012681576423346996
7 0.3839101493358612 0.4735577404499054 0.09244852513074875 0.009720827452838421
7 0.22158563137054443 0.23907101154327393 0.20700234174728394 0.010684577748179436
7 0.7860826253890991 0.533499538898468 0.007822996936738491 0.19189207255840302
7 0.7737576365470886 0.6338051557540894 0.03801194950938225 0.014185454696416855
7 0.753320574760437 0.6016099452972412 0.0488327331840992 0.01602129265666008
3 0.36190932989120483 0.44594743847846985 0.02095157280564308 0.03168170526623726
3 0.19165544211864471 0.5431299209594727 0.013241428881883621 0.02183159440755844
3 0.27917107939720154 0.525344729423523 0.015236054547131062 0.027288949117064476
7 0.6169083118438721 0.5374141931533813 0.017718320712447166 0.022959548979997635
3 0.6323038935661316 0.4875185191631317 0.014884180389344692 0.016776947304606438
3 0.6549526453018188 0.34630057215690613 0.01191619224846363 0.029434168711304665
