2 0.6570498943328857 0.12748053669929504 0.09096112102270126 0.007697098422795534
3 0.3743744492530823 0.5346363186836243 0.019831458106637 0.03988712653517723
7 0.18205538392066956 0.4064691960811615 0.0049193850718438625 0.05495777353644371
2 0.16195929050445557 0.4898504316806793 0.0045349071733653545 0.29946914315223694
7 0.6862517595291138 0.3309078514575958 0.04644734412431717 0.009079232811927795
0 0.1809583455324173 0.6184758543968201 0.005017146002501249 0.013938921503722668
3 0.5166805982589722 0.37450194358825684 0.014488425105810165 0.028363985940814018
7 0.2566033899784088 0.40619412064552307 0.005409343168139458 0.05296814814209938
3 0.5036641359329224 0.42462414503097534 0.007872766815125942 0.021510977298021317
3 0.3285451829433441 0.36630958318710327 0.009874613024294376 0.022165222093462944
2 0.16174423694610596 0.3842799961566925 0.0034087009262293577 0.10676940530538559
2 0.12383974343538284 0.6143556833267212 0.021244099363684654 0.009841375052928925
