0 0.6068525910377502 0.17308998107910156 0.008885018527507782 0.012298892252147198
0 0.5416871309280396 0.1724337339401245 0.009655228815972805 0.01074412651360035
3 0.6652976274490356 0.5588082671165466 0.013858001679182053 0.023479361087083817
7 0.687570333480835 0.6613162755966187 0.051930420100688934 0.008681925013661385
7 0.8719332814216614 0.48458537459373474 0.008815381675958633 0.3835853636264801
2 0.6574022173881531 0.1724434643983841 0.0959240198135376 0.009512241929769516
3 0.7297303080558777 0.4578607380390167 0.010213455185294151 0.020221881568431854
3 0.7081114649772644 0.42497265338897705 0.00902557373046875 0.016952550038695335
2 0.5094786882400513 0.2014727145433426 0.060126081109046936 0.009065750055015087
2 0.2314559370279312 0.17322809994220734 0.08601933717727661 0.007800702471286058
3 0.33202505111694336 0.4701538383960724 0.013838390819728374 0.018623260781168938
3 0.36515316367149353 0.4926236569881439 0.012065119110047817 0.026890262961387634
