0 0.31667283177375793 0.172938272356987 0.00857904925942421 0.01077857706695795
3 0.23343540728092194 0.5351240038871765 0.017948253080248833 0.02674267627298832
7 0.5328474044799805 0.4390629827976227 0.10643558204174042 0.008735384792089462
0 0.47805437445640564 0.17207296192646027 0.009988515637814999 0.009714176878333092
7 0.7364386916160583 0.6645703315734863 0.15791669487953186 0.013497975654900074
7 0.7393957376480103 0.36438921093940735 0.06685546040534973 0.00942906178534031
2 0.22650018334388733 0.17336198687553406 0.07966338843107224 0.006018795073032379
8 0.18174071609973907 0.23361171782016754 0.004664811305701733 0.05416630953550339
2 0.6530665159225464 0.17263273894786835 0.08810271322727203 0.007610294036567211
3 0.2944624423980713 0.528683066368103 0.018747419118881226 0.01628660038113594
3 0.656835675239563 0.49542975425720215 0.01266387291252613 0.02074339985847473
0 0.6062241792678833 0.17310850322246552 0.006211658474057913 0.008977115154266357
3 0.7206212282180786 0.4765353798866272 0.010858727619051933 0.010875674895942211
7 0.5880556106567383 0.49704861640930176 0.004706005100160837 0.12336277961730957
