7 0.34164512157440186 0.8463858366012573 0.679730236530304 0.03011142648756504
7 0.2030966579914093 0.12398512661457062 0.13611188530921936 0.020030612125992775
7 0.5479746460914612 0.12457436323165894 0.14094190299510956 0.020951177924871445
7 0.7046251893043518 0.1203395202755928 0.09080541133880615 0.010074134916067123
3 0.9341668486595154 0.44502779841423035 0.04805811867117882 0.04189338535070419
7 0.09600972384214401 0.15148459374904633 0.01045205257833004 0.03933298960328102
0 0.330911785364151 0.6076157093048096 0.013942308723926544 0.017070017755031586
7 0.6763472557067871 0.5432195663452148 0.06743165850639343 0.007594708818942308
7 0.5647558569908142 0.8458927273750305 0.5950626730918884 0.02730177901685238
7 0.22486171126365662 0.6950679421424866 0.22886022925376892 0.041681721806526184
